0 [4.9 3.5 3.6]
0 [4.92, 3.49, 3.58]

1 [4.8 3.3 3.1]
1 [4.81, 3.29, 3.08]

2 [4.8 3.1 2.6]
2 [4.81, 3.0700000000000003, 2.6100000000000003]

3 [4.7 2.9 2. ]
3 [4.71, 2.88, 2.0]

4 [4.8 2.4 2.2]
4 [4.78, 2.42, 2.19]

5 [4.7 2.8 2.9]
5 [4.72, 2.82, 2.8899999999999997]

6 [4.6 3.2 3.6]
6 [4.6, 3.2199999999999998, 3.62]

7 [4.1 3.  3.8]
7 [4.08, 2.98, 3.82]

8 [3.5 2.8 3.9]
8 [3.4799999999999995, 2.79, 3.88]

9 [3.  2.6 4. ]
9 [2.96, 2.5700000000000003, 3.9899999999999998]

10 [2.5 2.3 4.2]
10 [2.5100000000000002, 2.2800000000000002, 4.2]

11 [1.9 2.1 4.3]
11 [1.9300000000000002, 2.06, 4.32]

12 [1.35546441 1.88484255 4.4467298 ]
12 [1.35, 1.8599999999999999, 4.45]


0 [1. 1. 1.]
0 [1.0, 1.01, 1.0]

1 [1.5 1.5 1.5]
1 [1.52, 1.47, 1.51]

2 [2. 2. 2.]
2 [2.0, 1.9800000000000002, 2.01]

3 [2.5 2.5 2.5]
3 [2.5, 2.4699999999999998, 2.5]

4 [3. 3. 3.]
4 [3.01, 2.97, 2.9899999999999998]

5 [3.5 3.5 3.5]
5 [3.52, 3.47, 3.5000000000000004]

6 [3. 3. 3.]
6 [2.96, 3.01, 2.9899999999999998]

7 [2.5 2.5 2.5]
7 [2.4699999999999998, 2.5100000000000002, 2.4899999999999998]

8 [3. 3. 3.]
8 [3.0, 2.97, 3.01]

9 [3.5 3.5 3.5]
9 [3.53, 3.47, 3.52]

10 [4. 4. 4.]
10 [4.0, 3.9600000000000004, 4.0]

11 [4.5 4.5 4.5]
11 [4.4799999999999995, 4.49, 4.51]

12 [5. 5. 5.]
12 [4.9799999999999995, 4.9799999999999995, 5.029999999999999]

13 [5.5 5.5 5.5]
13 [5.489999999999999, 5.489999999999999, 5.52]

14 [5. 5. 5.]
14 [5.029999999999999, 5.029999999999999, 5.01]

15 [4.5 4.5 4.5]
15 [4.53, 4.49, 4.53]


0 [1. 1. 1.]
0 [1.02, 1.02, 0.98]

1 [1.5 1.5 1.5]
1 [1.51, 1.48, 1.5]


0 [1. 1. 1.]
0 [1.02, 1.03, 1.0]

1 [1.5 1.5 1.5]
1 [1.53, 1.49, 1.5]


0 [1 1 1]
0 [1.01, 1.02, 1.02]


0 [1 1 1]
0 [1.01, 1.0, 1.02]


0 [1 1 1]
0 [1.01, 1.01, 1.03]


